x <- c(2, 8, 3, 10, 15)
y <- c(6, 4, 1, 0, 0)
x + y
#rm(list = ls())
